3.3
3.4
4.3
3.1
5.7
6.8
9.7
5.4
4.3
2.1
1.7
7.6
11.6
12.5
11.0
14.0
11.1
5.5
6.0
3.6
6.8
7.3
8.1
8.0
8.8
12.4
7.6
7.9
7.7
5.6
3.7
4.5
5.5
6.7
13.4
8.4
8.7
8.8
6.2
5.0
5.7
5.9
8.4
8.6
9.5
9.5
7.3
5.5
10.6
5.5
5.7
5.1
6.2
3.4
2.6
-0.7
-1.4
4.7
7.0
6.6
9.8
8.4
6.1
9.4
7.4
7.2
5.9
13.0
11.6
7.4
8.5
10.3
11.3
10.6
10.2
9.0
11.2
12.8
8.7
8.0
11.0
11.3
12.4
9.6
13.6
12.4
11.5
10.6
13.6
13.5
9.8
10.9
9.1
6.0
9.8
9.5
10.2
10.6
11.6
10.4
10.7
10.6
9.2
7.4
10.9
9.3
10.5
11.0
11.3
9.2
11.4
11.2
14.6
10.7
8.6
13.7
10.7
11.3
12.2
12.6
15.3
11.6
13.3
16.2
13.3
11.5
11.9
12.4
15.0
14.3
11.8
14.6
14.8
15.0
13.2
14.0
13.0
15.9
16.3
18.9
13.7
16.5
15.6
16.9
14.5
14.2
15.3
14.7
18.2
16.4
17.7
17.5
13.1
16.9
19.0
19.7
20.6
16.9
18.9
18.6
18.6
17.4
19.9
20.0
16.8
17.1
18.9
20.2
17.9
17.1
20.6
22.1
21.1
18.9
17.2
17.8
19.0
19.9
21.4
20.2
18.9
18.9
25.8
20.7
22.4
23.3
25.5
19.0
18.9
19.8
21.3
21.6
20.0
19.7
18.8
20.9
18.8
18.6
20.3
21.8
20.6
19.5
20.5
21.2
24.1
20.6
20.0
21.0
24.2
22.5
25.3
21.4
22.7
24.6
23.2
24.6
22.5
20.7
22.4
22.8
21.1
19.4
23.1
22.2
21.1
20.6
20.7
21.9
23.6
21.7
22.2
24.7
27.4
20.9
23.6
22.5
22.9
23.4
26.7
23.0
21.7
20.2
19.6
19.5
18.7
21.1
23.4
25.1
24.1
23.7
24.8
23.1
22.3
23.8
21.5
19.6
18.7
18.9
17.3
17.9
20.3
18.4
21.1
20.3
19.6
25.2
24.5
18.4
15.7
17.7
15.3
18.2
14.5
14.5
14.5
16.2
16.0
13.1
13.5
14.6
16.8
15.0
12.8
14.0
13.9
12.4
12.2
11.3
11.2
13.5
12.8
15.4
14.1
12.9
13.4
13.7
11.9
10.6
9.8
10.4
9.9
11.6
11.2
10.7
9.6
9.9
10.9
8.4
10.0
7.8
5.9
9.1
12.2
13.8
9.8
5.9
8.7
7.6
7.8
8.4
8.2
3.8
3.6
2.1
8.1
9.8
7.4
7.7
9.2
9.2
12.2
8.9
6.0
7.4
5.5
6.6
5.2
6.2
6.1
3.2
5.4
5.1
4.4
3.7
5.0
5.6
4.0
5.9
6.3
7.2
9.6
7.7
7.6
7.6
6.0
5.0
7.1
9.1
9.1
5.4
8.4
11.6
10.4
8.8
4.9
